# Reference data set: FETD_200m_Casing_RXs.txt, data column: 2, receivers: 8
# TEM3D     data set: test.dat, data column: 2
#Rec-position:      1 ,data-pnts.:  101 ,components: Ex,Ey,Ez
#x,y,z:       5.000000      0.000000      0.000000
# Time t, Reference-data, TEM3D-data, difference
2.089296E-04 -0.00010965 -1.007631E-04 8.10455
2.290868E-04 -9.64441e-05 -8.927707E-05 7.43125
2.511886E-04 -8.4254e-05 -7.851356E-05 6.8133
2.754229E-04 -7.2985e-05 -6.844834E-05 6.21586
3.019952E-04 -6.2608e-05 -5.906679E-05 5.65619
3.311311E-04 -5.31791e-05 -5.036779E-05 5.28643
3.630781E-04 -4.4461e-05 -4.236285E-05 4.71912
3.981072E-04 -3.65961e-05 -3.507275E-05 4.16256
4.365158E-04 -2.97311e-05 -2.852107E-05 4.07007
4.786301E-04 -2.33974e-05 -2.272732E-05 2.86404
5.248075E-04 -1.80882e-05 -1.769950E-05 2.14865
5.754399E-04 -1.36626e-05 -1.342911E-05 1.70881
6.309573E-04 -9.94641e-06 -9.888189E-06 0.585387
6.918310E-04 -6.98786e-06 -7.029269E-06 0.592591
7.585776E-04 -4.67106e-06 -4.787932E-06 2.50197
8.317638E-04 -2.96965e-06 -3.087038E-06 3.95285
9.120108E-04 -1.7305e-06 -1.842213E-06 6.45542
1.000000E-03 -8.58934e-07 -9.677811E-07 12.6723
1.096478E-03 -2.98045e-07 -3.821970E-07 28.2345
1.202264E-03 5.2498e-08 -1.224609E-08 123.327
1.318257E-03 2.51098e-07 2.041092E-07 18.7134
1.445440E-03 3.47822e-07 3.165213E-07 8.9991
1.584893E-03 3.84642e-07 3.624892E-07 5.75931
1.737801E-03 3.8437e-07 3.687030E-07 4.07599
1.905461E-03 3.64545e-07 3.530365E-07 3.15695
2.089296E-03 3.35461e-07 3.267262E-07 2.60392
2.290868E-03 3.0336e-07 2.963851E-07 2.29925
2.511886E-03 2.71441e-07 2.656359E-07 2.13844
2.754229E-03 2.4125e-07 2.363030E-07 2.05065
3.019952E-03 2.13556e-07 2.091982E-07 2.04039
3.311311E-03 1.88472e-07 1.845978E-07 2.05534
3.630781E-03 1.65945e-07 1.625094E-07 2.07046
3.981072E-03 1.45904e-07 1.428126E-07 2.11873
4.365158E-03 1.28123e-07 1.253313E-07 2.17869
4.786301E-03 1.12363e-07 1.098693E-07 2.21953
5.248075E-03 9.85069e-08 9.622863E-08 2.31278
5.754399E-03 8.62862e-08 8.421900E-08 2.3957
6.309573E-03 7.5556e-08 7.366245E-08 2.50617
6.918310E-03 6.61412e-08 6.439526E-08 2.63964
7.585776E-03 5.78793e-08 5.626878E-08 2.7826
8.317638E-03 5.05178e-08 4.914898E-08 2.70949
9.120108E-03 4.43062e-08 4.291585E-08 3.13796
1.000000E-02 3.87442e-08 3.746246E-08 3.30818
1.096478E-02 3.38774e-08 3.269384E-08 3.49365
1.202264E-02 2.96267e-08 2.852593E-08 3.71552
1.318257E-02 2.59032e-08 2.488452E-08 3.93263
1.445440E-02 2.26364e-08 2.170421E-08 4.11796
1.584893E-02 1.96958e-08 1.892744E-08 3.90112
1.737801E-02 1.72782e-08 1.650365E-08 4.48283
1.905461E-02 1.50905e-08 1.438847E-08 4.65187
2.089296E-02 1.31706e-08 1.254298E-08 4.76501
2.290868E-02 1.14954e-08 1.093309E-08 4.89121
2.511886E-02 1.00275e-08 9.528956E-09 4.97196
2.754229E-02 8.7474e-09 8.304453E-09 5.06372
3.019952E-02 7.62933e-09 7.236740E-09 5.14576
3.311311E-02 6.62857e-09 6.305849E-09 4.86867
3.630781E-02 5.79878e-09 5.494331E-09 5.25031
3.981072E-02 5.05498e-09 4.786946E-09 5.30231
4.365158E-02 4.40415e-09 4.170383E-09 5.30798
4.786301E-02 3.83714e-09 3.633025E-09 5.31936
5.248075E-02 3.34232e-09 3.164729E-09 5.31329
5.754399E-02 2.90987e-09 2.756648E-09 5.26555
6.309573E-02 2.53364e-09 2.401061E-09 5.23257
6.918310E-02 2.20584e-09 2.091235E-09 5.19571
7.585776E-02 1.92056e-09 1.821295E-09 5.16876
8.317638E-02 1.67278e-09 1.586121E-09 5.18035
9.120108E-02 1.45729e-09 1.381246E-09 5.21789
1.000000E-01 1.27025e-09 1.202776E-09 5.31221
1.096478E-01 1.10761e-09 1.047317E-09 5.44326
1.202264E-01 9.66312e-10 9.119088E-10 5.63001
1.318257E-01 8.4345e-10 7.939727E-10 5.8661
1.445440E-01 7.36465e-10 6.912598E-10 6.13817
1.584893E-01 6.43407e-10 6.018104E-10 6.46505
1.737801E-01 5.623e-10 5.239163E-10 6.82619
1.905461E-01 4.91678e-10 4.560886E-10 7.23843
2.089296E-01 4.30148e-10 3.970300E-10 7.69927
2.290868E-01 3.76538e-10 3.456096E-10 8.21383
2.511886E-01 3.2986e-10 3.008420E-10 8.79705
2.754229E-01 2.89219e-10 2.618685E-10 9.45674
3.019952E-01 2.53849e-10 2.279409E-10 10.2063
3.311311E-01 2.23046e-10 1.984074E-10 11.0463
3.630781E-01 1.96208e-10 1.726999E-10 11.981
3.981072E-01 1.7277e-10 1.503235E-10 12.9921
4.365158E-01 1.52296e-10 1.308471E-10 14.0838
4.786301E-01 1.3438e-10 1.138954E-10 15.2436
5.248075E-01 1.18694e-10 9.914134E-11 16.4728
5.754399E-01 1.04947e-10 8.630012E-11 17.7683
6.309573E-01 9.2913e-11 7.512386E-11 19.146
6.918310E-01 8.23904e-11 6.539678E-11 20.6257
7.585776E-01 7.32e-11 5.693108E-11 22.2253
8.317638E-01 6.51956e-11 4.956332E-11 23.9775
9.120108E-01 5.82348e-11 4.315126E-11 25.9012


#Rec-position:      2 ,data-pnts.:  101 ,components: Ex,Ey,Ez
#x,y,z:      11.000000      0.000000      0.000000
# Time t, Reference-data, TEM3D-data, difference
2.089296E-04 -3.79261e-05 -3.602064E-05 5.02404
2.290868E-04 -3.39975e-05 -3.234925E-05 4.84813
2.511886E-04 -3.00718e-05 -2.873147E-05 4.45706
2.754229E-04 -2.62581e-05 -2.521327E-05 3.97896
3.019952E-04 -2.26182e-05 -2.183099E-05 3.48048
3.311311E-04 -1.92147e-05 -1.861703E-05 3.11056
3.630781E-04 -1.60066e-05 -1.560222E-05 2.52639
3.981072E-04 -1.30646e-05 -1.281621E-05 1.90138
4.365158E-04 -1.04658e-05 -1.028583E-05 1.71977
4.786301E-04 -8.05438e-06 -8.032987E-06 0.265557
5.248075E-04 -6.02512e-06 -6.071933E-06 0.776917
5.754399E-04 -4.33606e-06 -4.407557E-06 1.6488
6.309573E-04 -2.92556e-06 -3.034436E-06 3.72162
6.918310E-04 -1.81563e-06 -1.937089E-06 6.68956
7.585776E-04 -9.62507e-07 -1.091368E-06 13.388
8.317638E-04 -3.55754e-07 -4.665364E-07 31.1402
9.120108E-04 6.58385e-08 -2.795282E-08 142.457
1.000000E-03 3.41047e-07 2.601997E-07 23.7057
1.096478E-03 4.94535e-07 4.323403E-07 12.5764
1.202264E-03 5.67224e-07 5.195008E-07 8.41348
1.318257E-03 5.83664e-07 5.479788E-07 6.11406
1.445440E-03 5.64815e-07 5.387352E-07 4.61741
1.584893E-03 5.27218e-07 5.074548E-07 3.74854
1.737801E-03 4.80385e-07 4.651188E-07 3.17787
1.905461E-03 4.30958e-07 4.188756E-07 2.80364
2.089296E-03 3.82837e-07 3.730019E-07 2.569
2.290868E-03 3.38154e-07 3.297942E-07 2.47227
2.511886E-03 2.97478e-07 2.902913E-07 2.41589
2.754229E-03 2.61018e-07 2.547998E-07 2.38219
3.019952E-03 2.28745e-07 2.232386E-07 2.40732
3.311311E-03 2.00226e-07 1.953446E-07 2.43795
3.630781E-03 1.75082e-07 1.707852E-07 2.45438
3.981072E-03 1.53037e-07 1.492154E-07 2.49747
4.365158E-03 1.33706e-07 1.303036E-07 2.54461
4.786301E-03 1.16737e-07 1.137428E-07 2.56463
5.248075E-03 1.01941e-07 9.925440E-08 2.63516
5.754399E-03 8.89823e-08 8.658827E-08 2.69045
6.309573E-03 7.76746e-08 7.552170E-08 2.77163
6.918310E-03 6.78062e-08 6.585721E-08 2.87442
7.585776E-03 5.91873e-08 5.742043E-08 2.98521
8.317638E-03 5.15395e-08 5.005776E-08 2.87498
9.120108E-03 4.51107e-08 4.363416E-08 3.27319
1.000000E-02 3.93725e-08 3.803109E-08 3.407
1.096478E-02 3.43664e-08 3.314468E-08 3.55507
1.202264E-02 3.00061e-08 2.888394E-08 3.73962
1.318257E-02 2.61961e-08 2.516925E-08 3.91974
1.445440E-02 2.28613e-08 2.193103E-08 4.06933
1.584893E-02 1.98667e-08 1.910845E-08 3.8166
1.737801E-02 1.741e-08 1.664837E-08 4.37462
1.905461E-02 1.51913e-08 1.450441E-08 4.52182
2.089296E-02 1.32479e-08 1.263607E-08 4.61798
2.290868E-02 1.15548e-08 1.100802E-08 4.73223
2.511886E-02 1.00733e-08 9.589428E-09 4.80372
2.754229E-02 8.78265e-09 8.353406E-09 4.88739
3.019952E-02 7.65625e-09 7.276501E-09 4.96
3.311311E-02 6.64863e-09 6.338267E-09 4.66803
3.630781E-02 5.8135e-09 5.520873E-09 5.03358
3.981072E-02 5.06515e-09 4.808779E-09 5.06154
4.365158E-02 4.41055e-09 4.188436E-09 5.03602
4.786301E-02 3.84041e-09 3.648038E-09 5.00918
5.248075E-02 3.34303e-09 3.177292E-09 4.95758
5.754399E-02 2.90849e-09 2.767232E-09 4.85675
6.309573E-02 2.5306e-09 2.410042E-09 4.76384
6.918310E-02 2.20151e-09 2.098912E-09 4.6603
7.585776E-02 1.91525e-09 1.827909E-09 4.5603
8.317638E-02 1.66675e-09 1.591863E-09 4.49327
9.120108E-02 1.45078e-09 1.386269E-09 4.44655
1.000000E-01 1.26344e-09 1.207202E-09 4.45127
1.096478E-01 1.10062e-09 1.051243E-09 4.48631
1.202264E-01 9.59245e-10 9.154133E-10 4.56939
1.318257E-01 8.3636e-10 7.971176E-10 4.692
1.445440E-01 7.29381e-10 6.940951E-10 4.83774
1.584893E-01 6.36339e-10 6.043761E-10 5.02298
1.737801E-01 5.55249e-10 5.262449E-10 5.2237
1.905461E-01 4.84641e-10 4.582066E-10 5.45453
2.089296E-01 4.23122e-10 3.989592E-10 5.71064
2.290868E-01 3.69523e-10 3.473682E-10 5.99539
2.511886E-01 3.22859e-10 3.024454E-10 6.32265
2.754229E-01 2.82237e-10 2.633301E-10 6.69891
3.019952E-01 2.46892e-10 2.292724E-10 7.13643
3.311311E-01 2.16117e-10 1.996190E-10 7.63384
3.630781E-01 1.8931e-10 1.738009E-10 8.19266
3.981072E-01 1.65905e-10 1.513225E-10 8.78966
4.365158E-01 1.45462e-10 1.317521E-10 9.42479
4.786301E-01 1.27572e-10 1.147136E-10 10.0795
5.248075E-01 1.1191e-10 9.987936E-11 10.75
5.754399E-01 9.81832e-11 8.696433E-11 11.4264
6.309573E-01 8.61647e-11 7.572012E-11 12.1217
6.918310E-01 7.56551e-11 6.593055E-11 12.8538
7.585776E-01 6.64753e-11 5.740744E-11 13.6409
8.317638E-01 5.84795e-11 4.998700E-11 14.5222
9.120108E-01 5.15258e-11 4.352665E-11 15.5245


#Rec-position:      3 ,data-pnts.:  101 ,components: Ex,Ey,Ez
#x,y,z:      51.000000      0.000000      0.000000
# Time t, Reference-data, TEM3D-data, difference
2.089296E-04 4.45233e-06 3.176588E-06 28.6534
2.290868E-04 3.44584e-06 2.492231E-06 27.6742
2.511886E-04 2.71822e-06 1.987420E-06 26.8853
2.754229E-04 2.20537e-06 1.630859E-06 26.0505
3.019952E-04 1.8586e-06 1.394198E-06 24.9865
3.311311E-04 1.64264e-06 1.251768E-06 23.7952
3.630781E-04 1.50783e-06 1.180251E-06 21.7252
3.981072E-04 1.43784e-06 1.158555E-06 19.424
4.365158E-04 1.41024e-06 1.167937E-06 17.1815
4.786301E-04 1.3992e-06 1.192288E-06 14.7877
5.248075E-04 1.39653e-06 1.218465E-06 12.7504
5.754399E-04 1.38824e-06 1.236532E-06 10.9279
6.309573E-04 1.36842e-06 1.239829E-06 9.397
6.918310E-04 1.33246e-06 1.224814E-06 8.07886
7.585776E-04 1.27992e-06 1.190698E-06 6.9709
8.317638E-04 1.21144e-06 1.138942E-06 5.98435
9.120108E-04 1.13082e-06 1.072520E-06 5.15567
1.000000E-03 1.04175e-06 9.953578E-07 4.45371
1.096478E-03 9.4845e-07 9.116897E-07 3.87579
1.202264E-03 8.54591e-07 8.255323E-07 3.40033
1.318257E-03 7.63432e-07 7.403230E-07 3.02697
1.445440E-03 6.77669e-07 6.587145E-07 2.79702
1.584893E-03 5.98051e-07 5.825219E-07 2.59665
1.737801E-03 5.25802e-07 5.127876E-07 2.47523
1.905461E-03 4.6087e-07 4.499217E-07 2.37553
2.089296E-03 4.03248e-07 3.938703E-07 2.32547
2.290868E-03 3.526e-07 3.442807E-07 2.35931
2.511886E-03 3.07963e-07 3.006358E-07 2.37923
2.754229E-03 2.68784e-07 2.623525E-07 2.3929
3.019952E-03 2.34597e-07 2.288441E-07 2.45228
3.311311E-03 2.04682e-07 1.995546E-07 2.50502
3.630781E-03 1.785e-07 1.739753E-07 2.53464
3.981072E-03 1.55675e-07 1.516494E-07 2.58606
4.365158E-03 1.3575e-07 1.321713E-07 2.63656
4.786301E-03 1.18325e-07 1.151830E-07 2.6552
5.248075E-03 1.03179e-07 1.003698E-07 2.7223
5.754399E-03 8.99482e-08 8.745549E-08 2.77123
6.309573E-03 7.84293e-08 7.619844E-08 2.84445
6.918310E-03 6.83965e-08 6.638710E-08 2.93791
7.585776E-03 5.96488e-08 5.783669E-08 3.03796
8.317638E-03 5.18983e-08 5.038575E-08 2.91439
9.120108E-03 4.53918e-08 4.389336E-08 3.30103
1.000000E-02 3.95906e-08 3.823652E-08 3.42024
1.096478E-02 3.45349e-08 3.330795E-08 3.55279
1.202264E-02 3.01356e-08 2.901407E-08 3.72147
1.318257E-02 2.6295e-08 2.527327E-08 3.88567
1.445440E-02 2.29364e-08 2.201443E-08 4.01988
1.584893E-02 1.9923e-08 1.917552E-08 3.75202
1.737801E-02 1.7453e-08 1.670249E-08 4.30008
1.905461E-02 1.52239e-08 1.454823E-08 4.43849
2.089296E-02 1.32727e-08 1.267168E-08 4.52812
2.290868E-02 1.15739e-08 1.103708E-08 4.63794
2.511886E-02 1.0088e-08 9.613236E-09 4.70602
2.754229E-02 8.7939e-09 8.373004E-09 4.78626
3.019952E-02 7.66478e-09 7.292711E-09 4.85421
3.311311E-02 6.65483e-09 6.351745E-09 4.55436
3.630781E-02 5.81783e-09 5.532142E-09 4.9106
3.981072E-02 5.06784e-09 4.818256E-09 4.92477
4.365158E-02 4.41182e-09 4.196456E-09 4.88142
4.786301E-02 3.84047e-09 3.654869E-09 4.83278
5.248075E-02 3.34208e-09 3.183150E-09 4.7553
5.754399E-02 2.90671e-09 2.772291E-09 4.62436
6.309573E-02 2.52814e-09 2.414441E-09 4.4974
6.918310E-02 2.19852e-09 2.102765E-09 4.35562
7.585776E-02 1.91186e-09 1.831306E-09 4.21318
8.317638E-02 1.66306e-09 1.594877E-09 4.09957
9.120108E-02 1.44686e-09 1.388960E-09 4.00165
1.000000E-01 1.25937e-09 1.209618E-09 3.95044
1.096478E-01 1.09645e-09 1.053424E-09 3.92382
1.202264E-01 9.55007e-10 9.173895E-10 3.939
1.318257E-01 8.32082e-10 7.989150E-10 3.98601
1.445440E-01 7.25077e-10 6.957345E-10 4.04678
1.584893E-01 6.32016e-10 6.058748E-10 4.1362
1.737801E-01 5.5091e-10 5.276170E-10 4.22815
1.905461E-01 4.80288e-10 4.594641E-10 4.33569
2.089296E-01 4.18756e-10 4.001120E-10 4.45225
2.290868E-01 3.65147e-10 3.484249E-10 4.57951
2.511886E-01 3.18477e-10 3.034136E-10 4.72997
2.754229E-01 2.77855e-10 2.642164E-10 4.90856
3.019952E-01 2.42514e-10 2.300827E-10 5.12594
3.311311E-01 2.11747e-10 2.003589E-10 5.37821
3.630781E-01 1.84951e-10 1.744755E-10 5.66402
3.981072E-01 1.61558e-10 1.519365E-10 5.9553
4.365158E-01 1.41127e-10 1.323098E-10 6.24741
4.786301E-01 1.23249e-10 1.152191E-10 6.51501
5.248075E-01 1.07596e-10 1.003366E-10 6.74719
5.754399E-01 9.38785e-11 8.737695E-11 6.92549
6.309573E-01 8.18672e-11 7.609153E-11 7.05489
6.918310E-01 7.13633e-11 6.626396E-11 7.14564
7.585776E-01 6.21881e-11 5.770583E-11 7.20764
8.317638E-01 5.4196e-11 5.025318E-11 7.27519
9.120108E-01 4.72453e-11 4.376323E-11 7.37013


#Rec-position:      4 ,data-pnts.:  101 ,components: Ex,Ey,Ez
#x,y,z:     101.000000      0.000000      0.000000
# Time t, Reference-data, TEM3D-data, difference
2.089296E-04 5.23395e-06 4.736648E-06 9.50149
2.290868E-04 4.69467e-06 4.253395E-06 9.39947
2.511886E-04 4.18853e-06 3.811745E-06 8.99566
2.754229E-04 3.72956e-06 3.416693E-06 8.38896
3.019952E-04 3.32704e-06 3.069496E-06 7.74102
3.311311E-04 2.98618e-06 2.768576E-06 7.28696
3.630781E-04 2.69117e-06 2.510237E-06 6.7231
3.981072E-04 2.44225e-06 2.289331E-06 6.26125
4.365158E-04 2.2354e-06 2.099854E-06 6.06365
4.786301E-04 2.04756e-06 1.935536E-06 5.4711
5.248075E-04 1.88718e-06 1.790341E-06 5.13121
5.754399E-04 1.74358e-06 1.658909E-06 4.85614
6.309573E-04 1.60915e-06 1.536857E-06 4.49272
6.918310E-04 1.48261e-06 1.420941E-06 4.15936
7.585776E-04 1.36089e-06 1.309088E-06 3.80647
8.317638E-04 1.24416e-06 1.200310E-06 3.52482
9.120108E-04 1.1311e-06 1.094430E-06 3.24232
1.000000E-03 1.02196e-06 9.919146E-07 2.94036
1.096478E-03 9.18616e-07 8.936001E-07 2.72324
1.202264E-03 8.21107e-07 8.004287E-07 2.5183
1.318257E-03 7.30466e-07 7.132573E-07 2.35586
1.445440E-03 6.47549e-07 6.327243E-07 2.28934
1.584893E-03 5.71765e-07 5.591868E-07 2.19991
1.737801E-03 5.0358e-07 4.927172E-07 2.15708
1.905461E-03 4.42486e-07 4.331415E-07 2.1118
2.089296E-03 3.8825e-07 3.800997E-07 2.09913
2.290868E-03 3.40458e-07 3.331143E-07 2.15691
2.511886E-03 2.98192e-07 2.916483E-07 2.1945
2.754229E-03 2.6095e-07 2.551512E-07 2.22214
3.019952E-03 2.28322e-07 2.230894E-07 2.2917
3.311311E-03 1.99663e-07 1.949634E-07 2.35358
3.630781E-03 1.7449e-07 1.703162E-07 2.39226
3.981072E-03 1.52474e-07 1.487351E-07 2.45184
4.365158E-03 1.33195e-07 1.298513E-07 2.51053
4.786301E-03 1.16288e-07 1.133368E-07 2.53811
5.248075E-03 1.01555e-07 9.890107E-08 2.61326
5.754399E-03 8.86551e-08 8.628735E-08 2.67075
6.309573E-03 7.73997e-08 7.526954E-08 2.75219
6.918310E-03 6.75769e-08 6.564857E-08 2.85353
7.585776E-03 5.89966e-08 5.724959E-08 2.96124
8.317638E-03 5.13817e-08 4.991909E-08 2.84654
9.120108E-03 4.4979e-08 4.352246E-08 3.23818
1.000000E-02 3.92626e-08 3.794176E-08 3.36416
1.096478E-02 3.42744e-08 3.307372E-08 3.50317
1.202264E-02 2.99287e-08 2.882794E-08 3.67795
1.318257E-02 2.61309e-08 2.512537E-08 3.84821
1.445440E-02 2.28066e-08 2.189692E-08 3.98853
1.584893E-02 1.9821e-08 1.908215E-08 3.72779
1.737801E-02 1.73718e-08 1.662831E-08 4.2796
1.905461E-02 1.51597e-08 1.448930E-08 4.42238
2.089296E-02 1.32219e-08 1.262487E-08 4.51575
2.290868E-02 1.15337e-08 1.099989E-08 4.6283
2.511886E-02 1.00562e-08 9.583698E-09 4.69831
2.754229E-02 8.76866e-09 8.349543E-09 4.77967
3.019952E-02 7.64471e-09 7.274079E-09 4.84816
3.311311E-02 6.63896e-09 6.336950E-09 4.54904
3.630781E-02 5.80512e-09 5.520395E-09 4.9048
3.981072E-02 5.05772e-09 4.808932E-09 4.91897
4.365158E-02 4.40378e-09 4.189057E-09 4.8759
4.786301E-02 3.8341e-09 3.648999E-09 4.82785
5.248075E-02 3.33705e-09 3.178495E-09 4.75136
5.754399E-02 2.90276e-09 2.768600E-09 4.6219
6.309573E-02 2.52506e-09 2.411516E-09 4.49658
6.918310E-02 2.19612e-09 2.100448E-09 4.35635
7.585776E-02 1.90998e-09 1.829473E-09 4.21486
8.317638E-02 1.66157e-09 1.593427E-09 4.10114
9.120108E-02 1.44566e-09 1.387814E-09 4.00152
1.000000E-01 1.25838e-09 1.208714E-09 3.94649
1.096478E-01 1.09559e-09 1.052711E-09 3.91385
1.202264E-01 9.5424e-10 9.168290E-10 3.92055
1.318257E-01 8.31371e-10 7.984752E-10 3.95684
1.445440E-01 7.24402e-10 6.953905E-10 4.00485
1.584893E-01 6.31364e-10 6.056069E-10 4.07966
1.737801E-01 5.50275e-10 5.274095E-10 4.15529
1.905461E-01 4.79665e-10 4.593045E-10 4.24482
2.089296E-01 4.18144e-10 3.999905E-10 4.34143
2.290868E-01 3.64543e-10 3.483337E-10 4.44651
2.511886E-01 3.1788e-10 3.033464E-10 4.57216
2.754229E-01 2.77263e-10 2.641683E-10 4.7228
3.019952E-01 2.41925e-10 2.300498E-10 4.90864
3.311311E-01 2.11161e-10 2.003379E-10 5.12535
3.630781E-01 1.84366e-10 1.744638E-10 5.37111
3.981072E-01 1.60974e-10 1.519321E-10 5.61713
4.365158E-01 1.40544e-10 1.323110E-10 5.85818
4.786301E-01 1.22668e-10 1.152247E-10 6.0678
5.248075E-01 1.07017e-10 1.003454E-10 6.2342
5.754399E-01 9.33009e-11 8.738813E-11 6.33728
6.309573E-01 8.12912e-11 7.610435E-11 6.38054
6.918310E-01 7.07888e-11 6.627784E-11 6.37248
7.585776E-01 6.1615e-11 5.772032E-11 6.32098
8.317638E-01 5.3624e-11 5.026790E-11 6.25862
9.120108E-01 4.66741e-11 4.377789E-11 6.20523


#Rec-position:      5 ,data-pnts.:  101 ,components: Ex,Ey,Ez
#x,y,z:     151.000000      0.000000      0.000000
# Time t, Reference-data, TEM3D-data, difference
2.089296E-04 3.48201e-06 3.327237E-06 4.44487
2.290868E-04 3.31442e-06 3.146803E-06 5.05727
2.511886E-04 3.12803e-06 2.957696E-06 5.44539
2.754229E-04 2.92945e-06 2.765619E-06 5.59269
3.019952E-04 2.72678e-06 2.575662E-06 5.54186
3.311311E-04 2.52883e-06 2.391951E-06 5.41267
3.630781E-04 2.33799e-06 2.217437E-06 5.15614
3.981072E-04 2.15943e-06 2.053853E-06 4.88918
4.365158E-04 1.99695e-06 1.901798E-06 4.76504
4.786301E-04 1.84125e-06 1.760943E-06 4.36155
5.248075E-04 1.70041e-06 1.630289E-06 4.12377
5.754399E-04 1.57045e-06 1.508466E-06 3.94665
6.309573E-04 1.4474e-06 1.394017E-06 3.68791
6.918310E-04 1.33163e-06 1.285620E-06 3.45537
7.585776E-04 1.2213e-06 1.182255E-06 3.19668
8.317638E-04 1.11694e-06 1.083301E-06 3.01144
9.120108E-04 1.01711e-06 9.884669E-07 2.81573
1.000000E-03 9.21669e-07 8.978006E-07 2.58968
1.096478E-03 8.31886e-07 8.115921E-07 2.43955
1.202264E-03 7.47352e-07 7.302394E-07 2.28976
1.318257E-03 6.6866e-07 6.541461E-07 2.17053
1.445440E-03 5.96342e-07 5.836336E-07 2.13114
1.584893E-03 5.29821e-07 5.188872E-07 2.06363
1.737801E-03 4.69485e-07 4.599360E-07 2.03384
1.905461E-03 4.14952e-07 4.066590E-07 1.99852
2.089296E-03 3.661e-07 3.588109E-07 1.99104
2.290868E-03 3.22666e-07 3.160579E-07 2.04783
2.511886E-03 2.83936e-07 2.780127E-07 2.08618
2.754229E-03 2.49545e-07 2.442658E-07 2.11561
3.019952E-03 2.19197e-07 2.144073E-07 2.18517
3.311311E-03 1.92368e-07 1.880429E-07 2.24841
3.630781E-03 1.68665e-07 1.648022E-07 2.29047
3.981072E-03 1.47822e-07 1.443432E-07 2.35333
4.365158E-03 1.29483e-07 1.263541E-07 2.41633
4.786301E-03 1.13329e-07 1.105527E-07 2.45016
5.248075E-03 9.91955e-08 9.668493E-08 2.53091
5.754399E-03 8.67757e-08 8.452363E-08 2.59525
6.309573E-03 7.59028e-08 7.386606E-08 2.68341
6.918310E-03 6.63849e-08 6.453187E-08 2.79136
7.585776E-03 5.80479e-08 5.636115E-08 2.90572
8.317638E-03 5.06299e-08 4.921230E-08 2.8
9.120108E-03 4.43781e-08 4.296020E-08 3.19495
1.000000E-02 3.8785e-08 3.749450E-08 3.32735
1.096478E-02 3.3895e-08 3.271794E-08 3.47261
1.202264E-02 2.96273e-08 2.854492E-08 3.65324
1.318257E-02 2.58917e-08 2.490024E-08 3.82941
1.445440E-02 2.26171e-08 2.171782E-08 3.97592
1.584893E-02 1.96721e-08 1.893967E-08 3.72296
1.737801E-02 1.7253e-08 1.651495E-08 4.27758
1.905461E-02 1.50657e-08 1.439909E-08 4.42444
2.089296E-02 1.31475e-08 1.255308E-08 4.52118
2.290868E-02 1.14747e-08 1.094275E-08 4.6358
2.511886E-02 1.00094e-08 9.538210E-09 4.7072
2.754229E-02 8.73148e-09 8.313322E-09 4.7891
3.019952E-02 7.61515e-09 7.245232E-09 4.85769
3.311311E-02 6.61561e-09 6.313967E-09 4.55956
3.630781E-02 5.78647e-09 5.502080E-09 4.91477
3.981072E-02 5.04293e-09 4.794330E-09 4.92968
4.365158E-02 4.3921e-09 4.177409E-09 4.88817
4.786301E-02 3.82492e-09 3.639703E-09 4.84244
5.248075E-02 3.32988e-09 3.171071E-09 4.76923
5.754399E-02 2.89721e-09 2.762667E-09 4.644
6.309573E-02 2.5208e-09 2.406770E-09 4.52354
6.918310E-02 2.19288e-09 2.096647E-09 4.38854
7.585776E-02 1.90754e-09 1.826425E-09 4.25212
8.317638E-02 1.65974e-09 1.590980E-09 4.14263
9.120108E-02 1.44428e-09 1.385846E-09 4.04598
1.000000E-01 1.25732e-09 1.207127E-09 3.99225
1.096478E-01 1.09477e-09 1.051430E-09 3.95883
1.202264E-01 9.53581e-10 9.157916E-10 3.96291
1.318257E-01 8.30824e-10 7.976335E-10 3.99484
1.445440E-01 7.23932e-10 6.947058E-10 4.03718
1.584893E-01 6.30952e-10 6.050485E-10 4.10541
1.737801E-01 5.49905e-10 5.269530E-10 4.17388
1.905461E-01 4.7933e-10 4.589305E-10 4.25582
2.089296E-01 4.17836e-10 3.996834E-10 4.34442
2.290868E-01 3.64257e-10 3.480811E-10 4.44086
2.511886E-01 3.17612e-10 3.031384E-10 4.55694
2.754229E-01 2.77007e-10 2.639969E-10 4.69676
3.019952E-01 2.41679e-10 2.299085E-10 4.87024
3.311311E-01 2.10921e-10 2.002215E-10 5.07279
3.630781E-01 1.84131e-10 1.743681E-10 5.30239
3.981072E-01 1.60743e-10 1.518536E-10 5.5301
4.365158E-01 1.40316e-10 1.322468E-10 5.75057
4.786301E-01 1.22442e-10 1.151724E-10 5.93709
5.248075E-01 1.06793e-10 1.003031E-10 6.07745
5.754399E-01 9.30796e-11 8.735414E-11 6.1511
6.309573E-01 8.10721e-11 7.607731E-11 6.16092
6.918310E-01 7.05718e-11 6.625660E-11 6.11464
7.585776E-01 6.13997e-11 5.770391E-11 6.01929
8.317638E-01 5.34103e-11 5.025549E-11 5.90666
9.120108E-01 4.64615e-11 4.376881E-11 5.79558


#Rec-position:      6 ,data-pnts.:  101 ,components: Ex,Ey,Ez
#x,y,z:     201.000000      0.000000      0.000000
# Time t, Reference-data, TEM3D-data, difference
2.089296E-04 2.13291e-06 2.109134E-06 1.11461
2.290868E-04 2.09414e-06 2.058901E-06 1.68256
2.511886E-04 2.0438e-06 1.998601E-06 2.21159
2.754229E-04 1.98174e-06 1.929202E-06 2.65111
3.019952E-04 1.90865e-06 1.852163E-06 2.95974
3.311311E-04 1.82646e-06 1.769277E-06 3.13055
3.630781E-04 1.73786e-06 1.682468E-06 3.18723
3.981072E-04 1.64558e-06 1.593584E-06 3.15963
4.365158E-04 1.55306e-06 1.504220E-06 3.14505
4.786301E-04 1.45903e-06 1.415612E-06 2.97549
5.248075E-04 1.36777e-06 1.328591E-06 2.86425
5.754399E-04 1.27924e-06 1.243621E-06 2.78412
6.309573E-04 1.19244e-06 1.160883E-06 2.64677
6.918310E-04 1.10834e-06 1.080382E-06 2.52233
7.585776E-04 1.02642e-06 1.002070E-06 2.37264
8.317638E-04 9.47517e-07 9.259501E-07 2.27612
9.120108E-04 8.70943e-07 8.520797E-07 2.16588
1.000000E-03 7.96772e-07 7.806410E-07 2.0246
1.096478E-03 7.2601e-07 7.119314E-07 1.93923
1.202264E-03 6.58474e-07 6.463075E-07 1.84761
1.318257E-03 5.94695e-07 5.841380E-07 1.77527
1.445440E-03 5.35199e-07 5.257517E-07 1.76526
1.584893E-03 4.79685e-07 4.713978E-07 1.72761
1.737801E-03 4.28591e-07 4.212219E-07 1.71943
1.905461E-03 3.81766e-07 3.752598E-07 1.70435
2.089296E-03 3.39254e-07 3.334445E-07 1.71244
2.290868E-03 3.00976e-07 2.956256E-07 1.77764
2.511886E-03 2.66458e-07 2.615908E-07 1.82671
2.754229E-03 2.35488e-07 2.310886E-07 1.86802
3.019952E-03 2.07894e-07 2.038470E-07 1.94661
3.311311E-03 1.83291e-07 1.795881E-07 2.0201
3.630781E-03 1.61386e-07 1.580386E-07 2.07429
3.981072E-03 1.41987e-07 1.389362E-07 2.1485
4.365158E-03 1.24809e-07 1.220342E-07 2.22345
4.786301E-03 1.09592e-07 1.071031E-07 2.27106
5.248075E-03 9.62058e-08 9.393160E-08 2.36387
5.754399E-03 8.43871e-08 8.232690E-08 2.44136
6.309573E-03 7.39949e-08 7.211402E-08 2.54194
6.918310E-03 6.48613e-08 6.313494E-08 2.66168
7.585776E-03 5.68319e-08 5.524766E-08 2.78751
8.317638E-03 4.96638e-08 4.832495E-08 2.6958
9.120108E-03 4.36038e-08 4.225322E-08 3.09733
1.000000E-02 3.81679e-08 3.693132E-08 3.23994
1.096478E-02 3.34034e-08 3.226937E-08 3.39494
1.202264E-02 2.92356e-08 2.818769E-08 3.58445
1.318257E-02 2.558e-08 2.461576E-08 3.76945
1.445440E-02 2.23692e-08 2.149130E-08 3.92479
1.584893E-02 1.94765e-08 1.875930E-08 3.68253
1.737801E-02 1.70965e-08 1.637133E-08 4.2416
1.905461E-02 1.49413e-08 1.428473E-08 4.39437
2.089296E-02 1.30487e-08 1.246201E-08 4.49623
2.290868E-02 1.13961e-08 1.087022E-08 4.61443
2.511886E-02 9.94681e-09 9.480445E-09 4.68856
2.754229E-02 8.68161e-09 8.267307E-09 4.77223
3.019952E-02 7.57538e-09 7.208568E-09 4.84218
3.311311E-02 6.58409e-09 6.284747E-09 4.54645
3.630781E-02 5.76122e-09 5.478785E-09 4.90227
3.981072E-02 5.02284e-09 4.775752E-09 4.91928
4.365158E-02 4.37618e-09 4.162587E-09 4.88081
4.786301E-02 3.81235e-09 3.627871E-09 4.839
5.248075E-02 3.32001e-09 3.161620E-09 4.77076
5.754399E-02 2.88952e-09 2.755111E-09 4.65166
6.309573E-02 2.51485e-09 2.400724E-09 4.538
6.918310E-02 2.18831e-09 2.091805E-09 4.41018
7.585776E-02 1.90405e-09 1.822541E-09 4.28092
8.317638E-02 1.65709e-09 1.587860E-09 4.17781
9.120108E-02 1.44227e-09 1.383336E-09 4.08627
1.000000E-01 1.25579e-09 1.205105E-09 4.0358
1.096478E-01 1.09358e-09 1.049795E-09 4.00403
1.202264E-01 9.52647e-10 9.144686E-10 4.00766
1.318257E-01 8.30075e-10 7.965595E-10 4.03768
1.445440E-01 7.23322e-10 6.938318E-10 4.07699
1.584893E-01 6.30445e-10 6.043353E-10 4.14153
1.737801E-01 5.49481e-10 5.263695E-10 4.20605
1.905461E-01 4.78971e-10 4.584518E-10 4.284
2.089296E-01 4.1753e-10 3.992898E-10 4.36857
2.290868E-01 3.63994e-10 3.477567E-10 4.46082
2.511886E-01 3.17382e-10 3.028706E-10 4.57225
2.754229E-01 2.76804e-10 2.637754E-10 4.70671
3.019952E-01 2.41495e-10 2.297252E-10 4.87379
3.311311E-01 2.10752e-10 2.000698E-10 5.06873
3.630781E-01 1.83974e-10 1.742425E-10 5.28949
3.981072E-01 1.60594e-10 1.517496E-10 5.50714
4.365158E-01 1.40173e-10 1.321610E-10 5.71611
4.786301E-01 1.22305e-10 1.151016E-10 5.88998
5.248075E-01 1.06662e-10 1.002450E-10 6.01613
5.754399E-01 9.29526e-11 8.730662E-11 6.07399
6.309573E-01 8.09491e-11 7.603866E-11 6.06605
6.918310E-01 7.04523e-11 6.622538E-11 5.99967
7.585776E-01 6.12832e-11 5.767893E-11 5.88133
8.317638E-01 5.32962e-11 5.023573E-11 5.74233
9.120108E-01 4.63494e-11 4.375341E-11 5.60097


#Rec-position:      7 ,data-pnts.:  101 ,components: Ex,Ey,Ez
#x,y,z:     251.000000      0.000000      0.000000
# Time t, Reference-data, TEM3D-data, difference
2.089296E-04 1.34847e-06 1.375287E-06 1.98894
2.290868E-04 1.34277e-06 1.361761E-06 1.41407
2.511886E-04 1.33267e-06 1.343127E-06 0.785034
2.754229E-04 1.3175e-06 1.319219E-06 0.130645
3.019952E-04 1.29648e-06 1.290065E-06 0.495123
3.311311E-04 1.26898e-06 1.255916E-06 1.02915
3.630781E-04 1.2355e-06 1.217225E-06 1.47951
3.981072E-04 1.19626e-06 1.174599E-06 1.81111
4.365158E-04 1.15226e-06 1.128727E-06 2.04275
4.786301E-04 1.10435e-06 1.080312E-06 2.17623
5.248075E-04 1.05371e-06 1.030002E-06 2.25032
5.754399E-04 1.00131e-06 9.783538E-07 2.2929
6.309573E-04 9.47405e-07 9.258171E-07 2.27866
6.918310E-04 8.928e-07 8.727451E-07 2.24627
7.585776E-04 8.37703e-07 8.194289E-07 2.18142
8.317638E-04 7.82891e-07 7.661464E-07 2.13877
9.120108E-04 7.28303e-07 7.131596E-07 2.07921
1.000000E-03 6.74193e-07 6.607667E-07 1.99148
1.096478E-03 6.21364e-07 6.093196E-07 1.93837
1.202264E-03 5.69891e-07 5.591990E-07 1.87612
1.318257E-03 5.20285e-07 5.107954E-07 1.82397
1.445440E-03 4.73077e-07 4.644785E-07 1.81763
1.584893E-03 4.28221e-07 4.205698E-07 1.78684
1.737801E-03 3.86187e-07 3.793209E-07 1.77805
1.905461E-03 3.47016e-07 3.409012E-07 1.76199
2.089296E-03 3.10881e-07 3.053950E-07 1.7648
2.290868E-03 2.77859e-07 2.728095E-07 1.81744
2.511886E-03 2.47686e-07 2.430864E-07 1.85719
2.754229E-03 2.20283e-07 2.161173E-07 1.89117
3.019952E-03 1.95592e-07 1.917586E-07 1.96004
3.311311E-03 1.73356e-07 1.698440E-07 2.02596
3.630781E-03 1.53379e-07 1.501956E-07 2.07564
3.981072E-03 1.35539e-07 1.326315E-07 2.14524
4.365158E-03 1.19624e-07 1.169718E-07 2.21712
4.786301E-03 1.0543e-07 1.030421E-07 2.26475
5.248075E-03 9.28651e-08 9.067687E-08 2.35631
5.754399E-03 8.17097e-08 7.972041E-08 2.43459
6.309573E-03 7.18502e-08 7.002814E-08 2.53587
6.918310E-03 6.31441e-08 6.146673E-08 2.65639
7.585776E-03 5.54578e-08 5.391424E-08 2.78338
8.317638E-03 4.85695e-08 4.725967E-08 2.69683
9.120108E-03 4.27249e-08 4.140253E-08 3.09512
1.000000E-02 3.7466e-08 3.625226E-08 3.23966
1.096478E-02 3.28431e-08 3.172750E-08 3.39663
1.202264E-02 2.87883e-08 2.775543E-08 3.58769
1.318257E-02 2.52231e-08 2.427103E-08 3.77466
1.445440E-02 2.20849e-08 2.121642E-08 3.93266
1.584893E-02 1.92517e-08 1.854017E-08 3.69587
1.737801E-02 1.69162e-08 1.619666E-08 4.25344
1.905461E-02 1.47977e-08 1.414552E-08 4.40718
2.089296E-02 1.29344e-08 1.235107E-08 4.50975
2.290868E-02 1.13049e-08 1.078181E-08 4.6275
2.511886E-02 9.87416e-09 9.409980E-09 4.70095
2.754229E-02 8.62363e-09 8.211146E-09 4.78323
3.019952E-02 7.52909e-09 7.163803E-09 4.85169
3.311311E-02 6.54736e-09 6.249061E-09 4.55609
3.630781E-02 5.73176e-09 5.450330E-09 4.91005
3.981072E-02 4.99939e-09 4.753057E-09 4.92719
4.365158E-02 4.35757e-09 4.144480E-09 4.89009
4.786301E-02 3.79763e-09 3.613418E-09 4.85074
5.248075E-02 3.30843e-09 3.150078E-09 4.78622
5.754399E-02 2.88047e-09 2.745888E-09 4.67216
6.309573E-02 2.50782e-09 2.393348E-09 4.56441
6.918310E-02 2.18289e-09 2.085901E-09 4.44308
7.585776E-02 1.89989e-09 1.817810E-09 4.32036
8.317638E-02 1.65391e-09 1.584064E-09 4.22316
9.120108E-02 1.43984e-09 1.380286E-09 4.1364
1.000000E-01 1.25392e-09 1.202649E-09 4.0892
1.096478E-01 1.09214e-09 1.047815E-09 4.05886
1.202264E-01 9.51521e-10 9.128684E-10 4.06224
1.318257E-01 8.29182e-10 7.952635E-10 4.0906
1.445440E-01 7.22604e-10 6.927796E-10 4.12732
1.584893E-01 6.29862e-10 6.034788E-10 4.18879
1.737801E-01 5.49004e-10 5.256706E-10 4.25013
1.905461E-01 4.78579e-10 4.578802E-10 4.325
2.089296E-01 4.17206e-10 3.988211E-10 4.40669
2.290868E-01 3.63725e-10 3.473716E-10 4.49607
2.511886E-01 3.17157e-10 3.025535E-10 4.60442
2.754229E-01 2.76612e-10 2.635139E-10 4.73532
3.019952E-01 2.4133e-10 2.295093E-10 4.8981
3.311311E-01 2.10607e-10 1.998913E-10 5.08792
3.630781E-01 1.83843e-10 1.740950E-10 5.30259
3.981072E-01 1.60475e-10 1.516278E-10 5.51324
4.365158E-01 1.40064e-10 1.320604E-10 5.71451
4.786301E-01 1.22204e-10 1.150187E-10 5.87987
5.248075E-01 1.06567e-10 1.001768E-10 5.9968
5.754399E-01 9.28639e-11 8.725075E-11 6.04453
6.309573E-01 8.08656e-11 7.599308E-11 6.02543
6.918310E-01 7.03732e-11 6.618840E-11 5.94658
7.585776E-01 6.12078e-11 5.764914E-11 5.81411
8.317638E-01 5.32239e-11 5.021196E-11 5.65895
9.120108E-01 4.62796e-11 4.373466E-11 5.49903


#Rec-position:      8 ,data-pnts.:  101 ,components: Ex,Ey,Ez
#x,y,z:     301.000000      0.000000      0.000000
# Time t, Reference-data, TEM3D-data, difference
2.089296E-04 8.77857e-07 9.216215E-07 4.9854
2.290868E-04 8.8e-07 9.203025E-07 4.5798
2.511886E-04 8.8031e-07 9.166702E-07 4.13034
2.754229E-04 8.78731e-07 9.104779E-07 3.61279
3.019952E-04 8.74885e-07 9.014741E-07 3.03912
3.311311E-04 8.6818e-07 8.894564E-07 2.45074
3.630781E-04 8.58462e-07 8.743119E-07 1.84635
3.981072E-04 8.45205e-07 8.560379E-07 1.28174
4.365158E-04 8.28107e-07 8.347420E-07 0.801175
4.786301E-04 8.07846e-07 8.106248E-07 0.343984
5.248075E-04 7.84064e-07 7.839499E-07 0.0145119
5.754399E-04 7.57333e-07 7.550114E-07 0.306486
6.309573E-04 7.28051e-07 7.241078E-07 0.541626
6.918310E-04 6.96587e-07 6.915249E-07 0.726752
7.585776E-04 6.63266e-07 6.575354E-07 0.864035
8.317638E-04 6.2859e-07 6.224140E-07 0.982476
9.120108E-04 5.92772e-07 5.864258E-07 1.07065
1.000000E-03 5.56108e-07 5.498528E-07 1.12474
1.096478E-03 5.19163e-07 5.130153E-07 1.18408
1.202264E-03 4.82163e-07 4.762576E-07 1.22487
1.318257E-03 4.45558e-07 4.399402E-07 1.26075
1.445440E-03 4.09833e-07 4.044215E-07 1.32033
1.584893E-03 3.75117e-07 3.700391E-07 1.35365
1.737801E-03 3.41864e-07 3.370902E-07 1.39629
1.905461E-03 3.10243e-07 3.058177E-07 1.42649
2.089296E-03 2.80514e-07 2.764011E-07 1.4663
2.290868E-03 2.52859e-07 2.489560E-07 1.54367
2.511886E-03 2.27189e-07 2.235375E-07 1.60741
2.754229E-03 2.03535e-07 2.001494E-07 1.66352
3.019952E-03 1.81934e-07 1.787529E-07 1.74848
3.311311E-03 1.62246e-07 1.592773E-07 1.82972
3.630781E-03 1.44365e-07 1.416293E-07 1.89525
3.981072E-03 1.28237e-07 1.257004E-07 1.97809
4.365158E-03 1.13719e-07 1.113732E-07 2.0629
4.786301E-03 1.00666e-07 9.852696E-08 2.12464
5.248075E-03 8.90233e-08 8.704044E-08 2.2273
5.754399E-03 7.86172e-08 7.679531E-08 2.31741
6.309573E-03 6.93627e-08 6.767783E-08 2.42908
6.918310E-03 6.11448e-08 5.958015E-08 2.55889
7.585776E-03 5.38524e-08 5.240125E-08 2.69463
8.317638E-03 4.72864e-08 4.604727E-08 2.62053
9.120108E-03 4.16912e-08 4.043171E-08 3.0209
1.000000E-02 3.66378e-08 3.547538E-08 3.17281
1.096478E-02 3.21799e-08 3.110619E-08 3.33654
1.202264E-02 2.82572e-08 2.725878E-08 3.53338
1.318257E-02 2.47982e-08 2.387422E-08 3.72608
1.445440E-02 2.17454e-08 2.089950E-08 3.89013
1.584893E-02 1.89823e-08 1.828714E-08 3.66232
1.737801E-02 1.66995e-08 1.599471E-08 4.2206
1.905461E-02 1.46246e-08 1.398437E-08 4.37778
2.089296E-02 1.27962e-08 1.222250E-08 4.48341
2.290868E-02 1.11945e-08 1.067925E-08 4.60276
2.511886E-02 9.7859e-09 9.328186E-09 4.67731
2.754229E-02 8.55303e-09 8.145912E-09 4.75995
3.019952E-02 7.4726e-09 7.111777E-09 4.82858
3.311311E-02 6.50245e-09 6.207566E-09 4.5349
3.630781E-02 5.69566e-09 5.417232E-09 4.88838
3.981072E-02 4.97057e-09 4.726653E-09 4.90713
4.365158E-02 4.33463e-09 4.123411E-09 4.87291
4.786301E-02 3.77943e-09 3.596601E-09 4.83748
5.248075E-02 3.29404e-09 3.136649E-09 4.77818
5.754399E-02 2.86917e-09 2.735159E-09 4.67069
6.309573E-02 2.49898e-09 2.384771E-09 4.57033
6.918310E-02 2.17602e-09 2.079039E-09 4.45696
7.585776E-02 1.89458e-09 1.812315E-09 4.3422
8.317638E-02 1.64981e-09 1.579659E-09 4.25225
9.120108E-02 1.43668e-09 1.376750E-09 4.17159
1.000000E-01 1.25148e-09 1.199807E-09 4.12874
1.096478E-01 1.09024e-09 1.045527E-09 4.10097
1.202264E-01 9.50023e-10 9.110220E-10 4.10527
1.318257E-01 8.27992e-10 7.937709E-10 4.13305
1.445440E-01 7.21651e-10 6.915705E-10 4.16825
1.584893E-01 6.29093e-10 6.024972E-10 4.2277
1.737801E-01 5.48381e-10 5.248718E-10 4.287
1.905461E-01 4.78073e-10 4.572286E-10 4.36003
2.089296E-01 4.16794e-10 3.982884E-10 4.44009
2.290868E-01 3.63389e-10 3.469352E-10 4.52795
2.511886E-01 3.16882e-10 3.021953E-10 4.63465
2.754229E-01 2.76385e-10 2.632195E-10 4.76344
3.019952E-01 2.41139e-10 2.292669E-10 4.92351
3.311311E-01 2.10445e-10 1.996917E-10 5.10977
3.630781E-01 1.83704e-10 1.739305E-10 5.32012
3.981072E-01 1.60353e-10 1.514922E-10 5.52574
4.365158E-01 1.39956e-10 1.319487E-10 5.72136
4.786301E-01 1.22107e-10 1.149269E-10 5.88049
5.248075E-01 1.0648e-10 1.001015E-10 5.99074
5.754399E-01 9.27853e-11 8.718904E-11 6.03144
6.309573E-01 8.07941e-11 7.594275E-11 6.00464
6.918310E-01 7.03079e-11 6.614757E-11 5.91725
7.585776E-01 6.11476e-11 5.761621E-11 5.7752
8.317638E-01 5.31679e-11 5.018563E-11 5.60907
9.120108E-01 4.6227e-11 4.371383E-11 5.43649


#Rec-position:      1 ,data-pnts.:  101 ,components: Ex,Ey,Ez
# No more reference data found for receiver# 9
