%              t      Ex(x=4.8m)     Ex(x=10.5m)      Ex(x=100m)      Ex(x=200m)      Ex(x=300m)
   1.9531250e-04  -7.2282054e-05  -2.5200786e-05   4.5270793e-06   2.0781032e-06   8.8825346e-07
   2.0926339e-04  -6.6673527e-05  -2.3395539e-05   4.2583323e-06   2.0432754e-06   8.8727876e-07
   2.2321429e-04  -6.1553647e-05  -2.1700677e-05   4.0159610e-06   2.0069816e-06   8.8568750e-07
   2.3716518e-04  -5.6867461e-05  -2.0113113e-05   3.7974606e-06   1.9697034e-06   8.8350479e-07
   2.5111607e-04  -5.2568321e-05  -1.8628392e-05   3.6003826e-06   1.9318523e-06   8.8075861e-07
   2.6506696e-04  -4.8616427e-05  -1.7241364e-05   3.4224232e-06   1.8937777e-06   8.7747989e-07
   2.7901786e-04  -4.4977592e-05  -1.5946658e-05   3.2614578e-06   1.8557677e-06   8.7370227e-07
   2.9296875e-04  -4.1622239e-05  -1.4738927e-05   3.1155594e-06   1.8180554e-06   8.6946085e-07
   3.0691964e-04  -3.8524628e-05  -1.3612938e-05   2.9829995e-06   1.7808248e-06   8.6479219e-07
   3.2087054e-04  -3.5662142e-05  -1.2563665e-05   2.8622350e-06   1.7442198e-06   8.5973320e-07
   3.3482143e-04  -3.3014776e-05  -1.1586319e-05   2.7518983e-06   1.7083471e-06   8.5432046e-07
   3.4877232e-04  -3.0564756e-05  -1.0676364e-05   2.6507847e-06   1.6732848e-06   8.4858974e-07
   3.6272321e-04  -2.8296140e-05  -9.8295041e-06   2.5578290e-06   1.6390875e-06   8.4257571e-07
   3.7667411e-04  -2.6194591e-05  -9.0416856e-06   2.4720982e-06   1.6057871e-06   8.3631126e-07
   3.9062500e-04  -2.4247133e-05  -8.3090901e-06   2.3927715e-06   1.5734024e-06   8.2982750e-07
   4.1852679e-04  -2.0881654e-05  -7.0376161e-06   2.2546210e-06   1.5122682e-06   8.1620062e-07
   4.4642857e-04  -1.7972145e-05  -5.9357534e-06   2.1329842e-06   1.4546429e-06   8.0209991e-07
   4.7433036e-04  -1.5456045e-05  -4.9821595e-06   2.0247507e-06   1.4003453e-06   7.8768089e-07
   5.0223214e-04  -1.3279792e-05  -4.1579834e-06   1.9274929e-06   1.3491645e-06   7.7307281e-07
   5.3013393e-04  -1.1397330e-05  -3.4466133e-06   1.8393106e-06   1.3008826e-06   7.5838107e-07
   5.5803571e-04  -9.7690270e-06  -2.8334381e-06   1.7587119e-06   1.2552839e-06   7.4369097e-07
   5.8593750e-04  -8.3606409e-06  -2.3056360e-06   1.6845225e-06   1.2121657e-06   7.2907137e-07
   6.1383929e-04  -7.1425938e-06  -1.8519759e-06   1.6158092e-06   1.1713358e-06   7.1457652e-07
   6.4174107e-04  -6.0893087e-06  -1.4626347e-06   1.5518323e-06   1.1326204e-06   7.0024956e-07
   6.6964286e-04  -5.1786562e-06  -1.1290396e-06   1.4919961e-06   1.0958605e-06   6.8612368e-07
   6.9754464e-04  -4.3914845e-06  -8.4371468e-07   1.4358189e-06   1.0609115e-06   6.7222480e-07
   7.2544643e-04  -3.7112153e-06  -6.0015044e-07   1.3829107e-06   1.0276454e-06   6.5857235e-07
   7.5334821e-04  -3.1234993e-06  -3.9268615e-07   1.3329457e-06   9.9594246e-07   6.4518067e-07
   7.8125000e-04  -2.6159124e-06  -2.1640256e-07   1.2856574e-06   9.6569892e-07   6.3205998e-07
   8.3705357e-04  -1.8453932e-06   4.1591901e-08   1.2001943e-06   9.1035005e-07   6.0694078e-07
   8.9285714e-04  -1.2616170e-06   2.2806551e-07   1.1226329e-06   8.5955769e-07   5.8295213e-07
   9.4866071e-04  -8.2037196e-07   3.6060973e-07   1.0520101e-06   8.1283082e-07   5.6008274e-07
   1.0044643e-03  -4.8789654e-07   4.5262633e-07   9.8754080e-07   7.6975067e-07   5.3830779e-07
   1.0602679e-03  -2.3840708e-07   5.1430974e-07   9.2856447e-07   7.2995623e-07   5.1759416e-07
   1.1160714e-03  -5.2207289e-08   5.5340162e-07   8.7451636e-07   6.9313277e-07   4.9790282e-07
   1.1718750e-03   8.5751928e-08   5.7577182e-07   8.2490493e-07   6.5900393e-07   4.7919166e-07
   1.2276786e-03   1.8697167e-07   5.8586244e-07   7.7929720e-07   6.2732547e-07   4.6141697e-07
   1.2834821e-03   2.6024274e-07   5.8702789e-07   7.3730932e-07   5.9787991e-07   4.4453412e-07
   1.3392857e-03   3.1228583e-07   5.8179522e-07   6.9859896e-07   5.7047258e-07   4.2849876e-07
   1.3950893e-03   3.4823887e-07   5.7206245e-07   6.6285969e-07   5.4492902e-07   4.1326713e-07
   1.4508929e-03   3.7202989e-07   5.5924943e-07   6.2981652e-07   5.2109212e-07   3.9879680e-07
   1.5066964e-03   3.8666143e-07   5.4441421e-07   5.9922256e-07   4.9882017e-07   3.8504651e-07
   1.5625000e-03   3.9442793e-07   5.2833970e-07   5.7085573e-07   4.7798476e-07   3.7197660e-07
   1.6741071e-03   3.9382809e-07   4.9483615e-07   5.2157620e-07   4.4120969e-07   3.4826947e-07
   1.7857143e-03   3.8406244e-07   4.6197468e-07   4.7855777e-07   4.0862156e-07   3.2673386e-07
   1.8973214e-03   3.6939122e-07   4.3079441e-07   4.4082041e-07   3.7962822e-07   3.0713590e-07
   2.0089286e-03   3.5239550e-07   4.0177118e-07   4.0755678e-07   3.5373298e-07   2.8926726e-07
   2.1205357e-03   3.3461571e-07   3.7505719e-07   3.7809991e-07   3.3051810e-07   2.7294289e-07
   2.2321429e-03   3.1694963e-07   3.5062500e-07   3.5189706e-07   3.0963081e-07   2.5799867e-07
   2.3437500e-03   2.9989927e-07   3.2835303e-07   3.2848873e-07   2.9077253e-07   2.4429005e-07
   2.4553571e-03   2.8372537e-07   3.0807640e-07   3.0749103e-07   2.7368948e-07   2.3168877e-07
   2.5669643e-03   2.6854287e-07   2.8961579e-07   2.8858232e-07   2.5816542e-07   2.2008170e-07
   2.6785714e-03   2.5438034e-07   2.7279367e-07   2.7149163e-07   2.4401500e-07   2.0936910e-07
   2.7901786e-03   2.4121713e-07   2.5744224e-07   2.5599010e-07   2.3107953e-07   1.9946242e-07
   2.9017857e-03   2.2900550e-07   2.4340750e-07   2.4188320e-07   2.1922178e-07   1.9028350e-07
   3.0133929e-03   2.1768439e-07   2.3055070e-07   2.2900526e-07   2.0832359e-07   1.8176306e-07
   3.1250000e-03   2.0718795e-07   2.1874762e-07   2.1721418e-07   1.9828212e-07   1.7383935e-07
   3.3482143e-03   1.8899254e-07   1.9856849e-07   1.9711905e-07   1.8099037e-07   1.5998413e-07
   3.5714286e-03   1.7315449e-07   1.8119241e-07   1.7985055e-07   1.6599286e-07   1.4780207e-07
   3.7946429e-03   1.5930141e-07   1.6612535e-07   1.6489647e-07   1.5289705e-07   1.3703436e-07
   4.0178571e-03   1.4712333e-07   1.5297431e-07   1.5185486e-07   1.4139078e-07   1.2746911e-07
   4.2410714e-03   1.3636416e-07   1.4142481e-07   1.4040747e-07   1.3122286e-07   1.1893258e-07
   4.4642857e-03   1.2681237e-07   1.3122358e-07   1.3029959e-07   1.2218985e-07   1.1128075e-07
   4.6875000e-03   1.1829324e-07   1.2216528e-07   1.2132550e-07   1.1412561e-07   1.0439377e-07
   4.9107143e-03   1.1066170e-07   1.1408201e-07   1.1331789e-07   1.0689340e-07   9.8171546e-08
   5.1339286e-03   1.0379703e-07   1.0683573e-07   1.0613922e-07   1.0038001e-07   9.2529630e-08
   5.3571429e-03   9.7598151e-08   1.0031192e-07   9.9676029e-08   9.4490827e-08   8.7396644e-08
   5.5803571e-03   9.1980030e-08   9.4415380e-08   9.3833604e-08   8.9146554e-08   8.2711876e-08
   5.8035714e-03   8.6870778e-08   8.9065969e-08   8.8532660e-08   8.4280148e-08   7.8423435e-08
   6.0267857e-03   8.2209325e-08   8.4196171e-08   8.3706312e-08   7.9834678e-08   7.4486762e-08
   6.2500000e-03   7.7943512e-08   7.9748658e-08   7.9297812e-08   7.5761525e-08   7.0863398e-08
   6.6964286e-03   7.0679447e-08   7.2199260e-08   7.1812425e-08   6.8810561e-08   6.4633866e-08
   7.1428571e-03   6.4441878e-08   6.5734569e-08   6.5400568e-08   6.2829634e-08   5.9238027e-08
   7.5892857e-03   5.9044055e-08   6.0153694e-08   5.9863608e-08   5.7643932e-08   5.4531726e-08
   8.0357143e-03   5.4339703e-08   5.5300121e-08   5.5046766e-08   5.3116254e-08   5.0400556e-08
   8.4821429e-03   5.0212987e-08   5.1050487e-08   5.0828050e-08   4.9137768e-08   4.6752877e-08
   8.9285714e-03   4.6571308e-08   4.7306595e-08   4.7110319e-08   4.5621294e-08   4.3514583e-08
   9.3750000e-03   4.3339943e-08   4.3989482e-08   4.3815486e-08   4.2496352e-08   4.0625315e-08
   9.8214286e-03   4.0458093e-08   4.1035107e-08   4.0880184e-08   3.9705507e-08   3.8035492e-08
   1.0267857e-02   3.7875873e-08   3.8391123e-08   3.8252597e-08   3.7201555e-08   3.5704072e-08
   1.0714286e-02   3.5552086e-08   3.6014342e-08   3.5890004e-08   3.4945421e-08   3.3596914e-08
   1.1160714e-02   3.3452437e-08   3.3868960e-08   3.3756933e-08   3.2904542e-08   3.1685362e-08
   1.1607143e-02   3.1548192e-08   3.1925010e-08   3.1823730e-08   3.1051597e-08   2.9945265e-08
   1.2053571e-02   2.9815156e-08   3.0157321e-08   3.0065445e-08   2.9363531e-08   2.8356151e-08
   1.2500000e-02   2.8232799e-08   2.8544567e-08   2.8460970e-08   2.7820765e-08   2.6900511e-08
   1.3392857e-02   2.5548064e-08   2.5811675e-08   2.5741226e-08   2.5199078e-08   2.4417716e-08
   1.4285714e-02   2.3250179e-08   2.3475164e-08   2.3415266e-08   2.2951974e-08   2.2282631e-08
   1.5178571e-02   2.1267520e-08   2.1461162e-08   2.1409827e-08   2.1010624e-08   2.0432597e-08
   1.6071429e-02   1.9544270e-08   1.9712218e-08   1.9667897e-08   1.9321338e-08   1.8818480e-08
   1.6964286e-02   1.8036451e-08   1.8183131e-08   1.8144616e-08   1.7841689e-08   1.7401273e-08
   1.7857143e-02   1.6709031e-08   1.6837972e-08   1.6804288e-08   1.6537831e-08   1.6149738e-08
   1.8750000e-02   1.5533838e-08   1.5647848e-08   1.5618229e-08   1.5382497e-08   1.5038563e-08
   1.9642857e-02   1.4487999e-08   1.4589362e-08   1.4563181e-08   1.4353519e-08   1.4047138e-08
   2.0535714e-02   1.3552808e-08   1.3643381e-08   1.3620129e-08   1.3432735e-08   1.3158481e-08
   2.1428571e-02   1.2712814e-08   1.2794124e-08   1.2773384e-08   1.2605134e-08   1.2358545e-08
   2.2321429e-02   1.1955207e-08   1.2028517e-08   1.2009940e-08   1.1858236e-08   1.1635616e-08
   2.3214286e-02   1.1269242e-08   1.1335619e-08   1.1318916e-08   1.1181600e-08   1.0979835e-08
   2.4107143e-02   1.0645926e-08   1.0706228e-08   1.0691170e-08   1.0566417e-08   1.0382900e-08
   2.5000000e-02   1.0077597e-08   1.0132594e-08   1.0118959e-08   1.0005245e-08   9.8377680e-09
   2.6785714e-02   9.1154146e-09   9.1620014e-09   9.1506264e-09   9.0544006e-09   8.9124189e-09
   2.8571429e-02   8.2933003e-09   8.3331428e-09   8.3235682e-09   8.2413842e-09   8.1199074e-09
   3.0357143e-02   7.5848877e-09   7.6192579e-09   7.6111362e-09   7.5403508e-09   7.4355540e-09
   3.2142857e-02   6.9697272e-09   6.9996112e-09   6.9926718e-09   6.9312375e-09   6.8401456e-09
   3.3928571e-02   6.4317770e-09   6.4579460e-09   6.4519772e-09   6.3982871e-09   6.3185633e-09
   3.5714286e-02   5.9583158e-09   5.9813789e-09   5.9762152e-09   5.9289940e-09   5.8587828e-09
   3.7500000e-02   5.5391569e-09   5.5596038e-09   5.5551122e-09   5.5133391e-09   5.4511479e-09
   3.9285714e-02   5.1660689e-09   5.1842941e-09   5.1803658e-09   5.1432139e-09   5.0878369e-09
   4.1071429e-02   4.8323379e-09   4.8486622e-09   4.8452124e-09   4.8120087e-09   4.7624579e-09
   4.2857143e-02   4.5324484e-09   4.5471373e-09   4.5440939e-09   4.5142838e-09   4.4697472e-09
   4.4642857e-02   4.2618329e-09   4.2751054e-09   4.2724097e-09   4.2455338e-09   4.2053391e-09
   4.6428571e-02   4.0166806e-09   4.0287209e-09   4.0263238e-09   4.0019998e-09   3.9655813e-09
   4.8214286e-02   3.7937948e-09   3.8047547e-09   3.8026174e-09   3.7805215e-09   3.7474072e-09
   5.0000000e-02   3.5904703e-09   3.6004818e-09   3.5985691e-09   3.5784302e-09   3.5482198e-09
   5.3571429e-02   3.2459844e-09   3.2544869e-09   3.2529240e-09   3.2358899e-09   3.2102916e-09
   5.7142857e-02   2.9515000e-09   2.9587866e-09   2.9575005e-09   2.9429590e-09   2.9210702e-09
   6.0714286e-02   2.6976898e-09   2.7039883e-09   2.7029209e-09   2.6904039e-09   2.6715309e-09
   6.4285714e-02   2.4773071e-09   2.4827923e-09   2.4819027e-09   2.4710450e-09   2.4546489e-09
   6.7857143e-02   2.2846513e-09   2.2894627e-09   2.2887163e-09   2.2792336e-09   2.2648918e-09
   7.1428571e-02   2.1151893e-09   2.1194368e-09   2.1188091e-09   2.1104742e-09   2.0978495e-09
   7.5000000e-02   1.9652804e-09   1.9690527e-09   1.9685224e-09   1.9611532e-09   1.9499769e-09
   7.8571429e-02   1.8319728e-09   1.8353413e-09   1.8348929e-09   1.8283433e-09   1.8183948e-09
   8.2142857e-02   1.7128524e-09   1.7158763e-09   1.7154966e-09   1.7096464e-09   1.7007479e-09
   8.5714286e-02   1.6059310e-09   1.6086588e-09   1.6083374e-09   1.6030868e-09   1.5950918e-09
   8.9285714e-02   1.5095564e-09   1.5120287e-09   1.5117564e-09   1.5070253e-09   1.4998101e-09
   9.2857143e-02   1.4223512e-09   1.4246017e-09   1.4243706e-09   1.4200907e-09   1.4135549e-09
   9.6428571e-02   1.3431548e-09   1.3452110e-09   1.3450161e-09   1.3411294e-09   1.3351874e-09
   1.0000000e-01   1.2709864e-09   1.2728715e-09   1.2727085e-09   1.2691669e-09   1.2637470e-09
   1.0714286e-01   1.1489207e-09   1.1505341e-09   1.1504202e-09   1.1474253e-09   1.1428326e-09
   1.1428571e-01   1.0447141e-09   1.0461114e-09   1.0460346e-09   1.0434779e-09   1.0395502e-09
   1.2142857e-01   9.5499198e-10   9.5621297e-10   9.5616527e-10   9.5396526e-10   9.5057804e-10
   1.2857143e-01   8.7713788e-10   8.7821431e-10   8.7819011e-10   8.7628182e-10   8.7333822e-10
   1.3571429e-01   8.0910159e-10   8.1005818e-10   8.1005279e-10   8.0838597e-10   8.0581008e-10
   1.4285714e-01   7.4925878e-10   7.5011510e-10   7.5012500e-10   7.4865973e-10   7.4639125e-10
   1.5000000e-01   6.9630978e-10   6.9708175e-10   6.9710391e-10   6.9580835e-10   6.9379900e-10
   1.5714286e-01   6.4920521e-10   6.4990544e-10   6.4993771e-10   6.4878609e-10   6.4699672e-10
   1.6428571e-01   6.0709010e-10   6.0772899e-10   6.0776962e-10   6.0674085e-10   6.0513959e-10
   1.7142857e-01   5.6926249e-10   5.6984863e-10   5.6989621e-10   5.6897293e-10   5.6753355e-10
   1.7857143e-01   5.3514145e-10   5.3568193e-10   5.3573517e-10   5.3490323e-10   5.3360376e-10
   1.8571429e-01   5.0424284e-10   5.0474346e-10   5.0480150e-10   5.0404884e-10   5.0287128e-10
   1.9285714e-01   4.7616024e-10   4.7662617e-10   4.7668825e-10   4.7600486e-10   4.7493390e-10
   2.0000000e-01   4.5055078e-10   4.5098618e-10   4.5105158e-10   4.5042899e-10   4.4945168e-10
